Data Parabola
Data X;Y
DATA
PARABOLA
P;A;R;A;B;O;L;A
-10.00   -1000.00
-9.31    -807.04
-8.62    -640.66
-7.93    -498.87
-7.24    -379.72
-6.55    -281.23
-5.86    -201.44
-5.17    -138.38
-4.48    -90.08
-3.79    -54.57
-3.10    -29.89
-2.41    -14.06
-1.72    -5.13
-1.03    -1.11
-0.34    -0.04   
0.34     0.04
1.03     1.11
1.72     5.13
2.41     14.06
3.10     29.89
3.79     54.57
4.48     90.08
5.17     138.38
5.86     201.44
6.55     281.23
7.24     379.72
7.93     498.87
8.62     640.66
9.31     807.04
10.00    1000.00

